CPU NODE SOCKET CORE L1d:L1i:L2:L3 ONLINE    MAXMHZ   MINMHZ      MHZ
  0    0      0    0 0:0:0:0          yes 5100.0000 800.0000  800.000
  1    0      0    0 0:0:0:0          yes 5100.0000 800.0000  800.000
  2    0      0    1 4:4:1:0          yes 5100.0000 800.0000  800.000
  3    0      0    1 4:4:1:0          yes 5100.0000 800.0000  800.000
  4    0      0    2 8:8:2:0          yes 5100.0000 800.0000 2343.376
  5    0      0    2 8:8:2:0          yes 5100.0000 800.0000  800.000
  6    0      0    3 12:12:3:0        yes 5100.0000 800.0000  800.000
  7    0      0    3 12:12:3:0        yes 5100.0000 800.0000  800.000
  8    0      0    4 16:16:4:0        yes 5200.0000 800.0000  800.000
  9    0      0    4 16:16:4:0        yes 5200.0000 800.0000  800.000
 10    0      0    5 20:20:5:0        yes 5200.0000 800.0000 2098.470
 11    0      0    5 20:20:5:0        yes 5200.0000 800.0000  800.000
 12    0      0    6 24:24:6:0        yes 5100.0000 800.0000  800.000
 13    0      0    6 24:24:6:0        yes 5100.0000 800.0000  800.000
 14    0      0    7 28:28:7:0        yes 5100.0000 800.0000 1303.618
 15    0      0    7 28:28:7:0        yes 5100.0000 800.0000  800.000
 16    0      0    8 32:32:8:0        yes 4100.0000 800.0000 4099.551
 17    0      0    9 33:33:8:0        yes 4100.0000 800.0000 4040.946
 18    0      0   10 34:34:8:0        yes 4100.0000 800.0000 3888.317
 19    0      0   11 35:35:8:0        yes 4100.0000 800.0000  800.000
 20    0      0   12 36:36:9:0        yes 4100.0000 800.0000 4051.205
 21    0      0   13 37:37:9:0        yes 4100.0000 800.0000 4078.030
 22    0      0   14 38:38:9:0        yes 4100.0000 800.0000 3921.666
 23    0      0   15 39:39:9:0        yes 4100.0000 800.0000 4071.341
P-cores (cpu_core): 0-15
E-cores (cpu_atom): 16-23
